9.849570575016607377e-01
9.556939686164891423e-01
9.419410725715510191e-01
9.108179814029780941e-01
8.961296818970210243e-01
8.913208578241871294e-01
8.857264530347871423e-01
8.739109913620453085e-01
8.714989800330343872e-01
8.591941378792988804e-01
8.444121850199793888e-01
8.494880217596527672e-01
8.609666018563922885e-01
8.619180686661854773e-01
8.561986531995581240e-01
8.497948648418003348e-01
8.418335343283600558e-01
8.234608580097626529e-01
8.106624263845222389e-01
8.046318129514921091e-01
7.968206135424434899e-01
8.039336697582625257e-01
8.014332950583352710e-01
8.156134613909288289e-01
8.233359026489414090e-01
7.954838023296587624e-01
7.789526088897664735e-01
7.696980398535691048e-01
7.698422732908996036e-01
7.599475185076395300e-01
7.664394713200902709e-01
7.440718089938725965e-01
7.466895326836244795e-01
7.351813091727648075e-01
7.289533202111851962e-01
7.265268214423814541e-01
7.265770175979079371e-01
7.220141618104989334e-01
7.246465641318197148e-01
7.223657933826008737e-01
7.187776718636260664e-01
7.152457238273578488e-01
7.101114569334274762e-01
7.104361766713466197e-01
7.126459428022913212e-01
7.038471915700920123e-01
7.000596222733687091e-01
7.008229076787431122e-01
6.988029043572600019e-01
6.940756448495698505e-01
6.914181201816765876e-01
6.927955835317988198e-01
6.890632571512672611e-01
7.017146501569601069e-01
6.951586151980694295e-01
6.833859207661616697e-01
6.846776609521146861e-01
6.779856733881823860e-01
6.892349029388811221e-01
6.704279633670193750e-01
6.874805509931741776e-01
6.883250768739698211e-01
6.767522514690366142e-01
6.652729451338000866e-01
6.626272252847142941e-01
6.650643408335944473e-01
6.692056149909079155e-01
6.577538061902240552e-01
6.488489441496375632e-01
6.430447599421946769e-01
6.338762972963856157e-01
6.262482625206723386e-01
6.244339241458678469e-01
6.234395003734501950e-01
6.194803722055310935e-01
6.167792468804291772e-01
6.195162953144718321e-01
6.222188223880152913e-01
6.134596458404197872e-01
6.245591572216386833e-01
6.174267455069404331e-01
6.244393721845514778e-01
6.278522287642023247e-01
6.301279100576288039e-01
6.349921371533816528e-01
6.423811788102796738e-01
6.485718464349524703e-01
6.459876259205441507e-01
6.472080777060712498e-01
6.573106011447762409e-01
6.560357369756384394e-01
6.519128242229613734e-01
6.621930952009223992e-01
6.529321234592505574e-01
6.510392090752182837e-01
6.587188507433473506e-01
6.714696283801860899e-01
6.549993635366220257e-01
6.526932321533330805e-01
6.450093857735685887e-01
