1.012611989916176070e+00
8.864317237394544469e-01
8.349454542244525435e-01
8.160409919690531089e-01
7.983855387576900275e-01
7.820172125003714836e-01
7.673574450852695961e-01
7.531992647957209686e-01
7.394070283931416521e-01
7.286241709942568034e-01
7.208594869432529695e-01
7.112418098660187038e-01
7.036246053038848203e-01
6.985012003733532815e-01
6.922018813555097516e-01
6.867946462364568072e-01
6.813903361689995775e-01
6.773694691710827609e-01
6.728524417153253223e-01
6.701162981090027504e-01
6.678905006248809784e-01
6.661936053119662526e-01
6.644004502088215469e-01
6.612274430989469876e-01
6.587478475978154613e-01
6.568927441542530277e-01
6.551395881449393332e-01
6.543361434453769387e-01
6.523512632001169376e-01
6.509400881005277251e-01
6.510320516818729475e-01
6.494127919641711211e-01
6.498492998154403733e-01
6.483786273004497058e-01
6.472625496709193404e-01
6.466838928876416093e-01
6.458002401154782079e-01
6.435254224574007420e-01
6.432790345519060482e-01
6.421342465559566337e-01
6.424047942014373680e-01
6.412576856644618406e-01
6.404431631055373941e-01
6.408160649125320685e-01
6.394494482828991799e-01
6.388517750993001343e-01
6.383885741584937046e-01
6.386562792518174492e-01
6.376078916708328714e-01
6.369008074742497083e-01
6.353837648138024319e-01
6.361527459223690339e-01
6.345920286630258866e-01
6.355090139423793527e-01
6.355030808458529412e-01
6.348250866441879081e-01
6.348305518732780817e-01
6.326984380902339611e-01
6.335680942433531415e-01
6.336655752359415805e-01
6.326589860932616549e-01
6.314184773400861594e-01
6.325061045425551809e-01
6.302909084387706695e-01
6.314849626229612767e-01
6.323334746369392301e-01
6.309758172122666986e-01
6.317940514781660299e-01
6.302817867184599132e-01
6.304199602425641924e-01
6.293763206429613399e-01
6.315527942770126080e-01
6.294598818209199420e-01
6.291496389332785766e-01
6.291405261475786492e-01
6.282295868376535086e-01
6.287064664381838419e-01
6.287676272033109193e-01
6.292623412841301667e-01
6.297273492095907255e-01
6.269766739421844814e-01
6.283410369010979935e-01
6.282971972822580797e-01
6.271682579797129842e-01
6.267273715792907041e-01
6.266065655832691039e-01
6.270910428612815890e-01
6.272738836061980683e-01
6.266163040843168996e-01
6.266289825872771724e-01
6.259004736879206776e-01
6.265888519133369083e-01
6.275630318590428303e-01
6.256396377045442270e-01
6.257721485860909816e-01
6.249628377726644812e-01
6.263359465849612784e-01
6.266986093514002043e-01
6.251812088407138202e-01
6.249980210527623647e-01
6.268335212814407642e-01
6.260127882996033843e-01
6.257374069852121856e-01
6.253499766560683959e-01
6.251096163919951376e-01
6.248323758171671072e-01
6.252960479235146751e-01
6.247344590744581261e-01
6.251394818675918286e-01
6.247470936744684566e-01
6.249055232439556518e-01
6.244015521924337619e-01
6.246691983037500062e-01
6.233033200610631486e-01
6.240838443684271208e-01
6.257218036764341518e-01
6.232093597662512474e-01
6.226624669217478703e-01
6.242113238750034432e-01
6.244341691981086795e-01
6.233877497033206705e-01
6.231683644457617355e-01
6.233849671233048229e-01
6.221095351557891506e-01
6.243643742868109081e-01
6.232522349550669860e-01
6.245369525626887075e-01
6.232974513396128957e-01
6.227736524977738330e-01
6.226612180752308934e-01
6.222095755059090516e-01
6.238002686044760159e-01
6.229257101893537207e-01
6.231346713075314181e-01
6.213530168414790333e-01
6.224294974206192599e-01
6.226912290021716645e-01
6.221458924582571326e-01
6.222064515170233623e-01
6.223398443549038594e-01
6.222373108644924100e-01
6.220029948142913323e-01
6.234014154117211159e-01
6.216441475667183747e-01
6.202559659794145697e-01
6.233991314518051441e-01
6.224441006686041167e-01
6.225742133550212776e-01
6.217628134694856978e-01
6.212927707000757138e-01
6.216950892110010285e-01
6.225194624205860894e-01
6.217266743124336692e-01
6.215792017381145396e-01
6.213401368474795738e-01
6.220515817988978569e-01
6.206532205252238699e-01
6.202697182718478475e-01
6.205101220362635450e-01
6.204704944134470379e-01
6.210873606250491008e-01
6.218715733045345750e-01
6.210068736975574710e-01
6.205038401809384041e-01
6.195467320644477693e-01
6.208011423604240520e-01
6.216787464666246876e-01
6.199804869484234482e-01
6.198527907008761773e-01
6.206319087983450666e-01
6.204425689351472650e-01
6.212100125369395265e-01
6.207844778530222651e-01
6.198416637116882510e-01
6.197808578100139076e-01
6.206957361737849288e-01
6.198189867355521354e-01
5.796822284190601415e-01
5.721303534173493022e-01
5.686154599332824411e-01
5.675382451173309750e-01
5.648589640986870775e-01
5.666000879633887877e-01
5.640166150912188092e-01
5.633216215320402398e-01
5.609488074804978019e-01
5.615660474547005121e-01
5.589335280518242799e-01
5.586456405575306317e-01
5.586360465364189620e-01
5.563687165456487893e-01
5.557278304369877020e-01
5.550171014833218397e-01
5.542650880924643308e-01
5.525682283986150800e-01
5.527758175355624859e-01
5.511580795339919847e-01
5.507860051627769815e-01
5.482130331571581916e-01
5.486325771131494999e-01
5.494571007785840067e-01
5.474727126110510156e-01
5.470036425251201262e-01
5.450877134872239571e-01
5.450099083029396052e-01
5.456004626147783476e-01
5.437266644988087982e-01
5.429031720330532718e-01
5.423160013919763323e-01
5.430460252052690118e-01
5.421750981441429973e-01
5.415493122814325488e-01
5.406667922292532902e-01
5.399037766715958364e-01
5.385890106196266069e-01
5.391346851596097167e-01
5.381534980914894906e-01
5.380353787940251875e-01
5.384961641854435488e-01
5.352668773746886988e-01
5.354246411459684385e-01
5.366409247330887755e-01
5.356452917405691849e-01
5.340776406919061081e-01
5.339765719744045125e-01
5.335266304103188917e-01
5.335449920373258603e-01
5.332325945719210702e-01
5.329346295856957072e-01
5.309208546874285561e-01
5.316336121933287195e-01
5.296772168355283750e-01
5.299307521394015508e-01
5.294315017504659382e-01
5.305573118325677129e-01
5.291450875517222929e-01
5.292613307845656090e-01
5.286470682477562022e-01
5.279828180616620292e-01
5.283583755617504707e-01
5.287914905501654994e-01
5.267377772137049607e-01
5.271947883207619423e-01
5.253586096749378598e-01
5.263847904786013165e-01
5.252851761439818468e-01
5.242910475741944243e-01
5.258206917904024724e-01
5.235065630643839230e-01
5.237781863415013062e-01
5.241727400319478036e-01
5.239376652818448221e-01
5.230876590273607629e-01
5.229816299085155995e-01
5.217283082704030628e-01
5.229585928233246861e-01
5.217691098757970547e-01
5.211644893663692768e-01
5.207117085833427028e-01
5.201467525165971439e-01
5.197083696119072505e-01
5.205488806433022919e-01
5.190298459672568754e-01
5.177382329420926466e-01
5.192625058725349740e-01
5.192420117620248909e-01
5.171284063283542176e-01
5.175444230910108967e-01
5.186306504035872456e-01
5.187250456994823011e-01
5.172478591275971871e-01
5.178707818091945470e-01
5.182109493182921467e-01
5.163726019519437882e-01
5.163781145295556207e-01
5.163961615491842183e-01
5.156864514665112642e-01
5.155355893812799684e-01
5.155519554628503753e-01
5.154696244874017452e-01
5.140473708894280902e-01
5.150039983276035738e-01
5.155519402117483274e-01
5.127488116666726325e-01
5.144032883688109958e-01
5.144523774659037763e-01
5.123833638015798941e-01
5.136654794127207824e-01
5.131253126775773277e-01
5.117740788799278739e-01
5.121880869538837366e-01
5.102353954896625687e-01
5.131782334189051165e-01
5.129175886460306533e-01
5.096975210755642083e-01
5.119319200314442764e-01
5.101107717534112407e-01
5.113587948583485643e-01
5.102169948097223795e-01
5.110729864084267993e-01
5.098316369123553349e-01
5.083598484558164987e-01
5.084200445638674681e-01
5.084340275457509550e-01
5.082121694514933896e-01
5.077674103291611729e-01
5.088429851981217666e-01
5.089216350507256292e-01
5.090376828199394410e-01
5.074606240685166636e-01
5.070466926117157547e-01
5.074107575502704304e-01
5.073401060188261757e-01
5.057595501877097943e-01
5.084028646251596006e-01
5.056178056281802613e-01
5.068822962788153141e-01
5.065766543014185164e-01
5.052848984161113499e-01
5.055207377975555749e-01
5.053344682430157553e-01
5.054456500129956842e-01
5.056028133419149251e-01
5.048163371395285592e-01
5.031197227015646867e-01
5.060767624041512258e-01
5.036944130349563231e-01
5.039326473017214925e-01
5.041017115322105058e-01
5.048167597861773492e-01
5.018543248192679496e-01
5.032356978984250384e-01
5.024834412085421587e-01
5.024362801545788626e-01
5.031038563285389342e-01
5.026611317963840531e-01
5.031207447302180613e-01
5.031185020153398080e-01
5.015819170613203815e-01
5.024350609863249550e-01
5.018694423352102474e-01
5.014112980376801421e-01
5.004939768267920863e-01
5.010052575322205826e-01
5.005617251153303693e-01
4.992416785773038379e-01
4.997833253446518076e-01
5.003522788199320503e-01
4.991527589946807564e-01
4.988726415594456065e-01
4.982139480411725274e-01
5.005654685370134471e-01
4.994654198379925303e-01
4.985842691594573606e-01
4.993116280782009531e-01
4.983535950738343101e-01
4.982507317015351656e-01
4.992298648941078665e-01
4.978904933242950803e-01
4.987928234146070672e-01
4.992256098026904287e-01
4.999320101399036820e-01
4.974488297438157125e-01
4.973639624928888892e-01
4.978312615573200484e-01
4.977633058509847719e-01
4.971881032369251385e-01
4.974930114690664928e-01
4.972623395088368592e-01
4.968038655108263923e-01
4.972010765914043340e-01
4.976102760985629536e-01
4.963250235612572947e-01
4.967720869424168684e-01
4.964634243912697809e-01
4.959737642513405986e-01
4.960106289774375843e-01
4.972471489851631454e-01
4.969866085133948230e-01
4.963064353176905308e-01
4.960464349018302577e-01
4.950221075769718482e-01
