9.592615992739033093e-01
8.049698279052270866e-01
7.362393416906728438e-01
7.127284155517787934e-01
7.020496314018730422e-01
6.926834754812016826e-01
6.840735738977036240e-01
6.785506840410227003e-01
6.750495643210119301e-01
6.699911470949518888e-01
6.668253351486295166e-01
6.626085383250508443e-01
6.588277818598239355e-01
6.555701012351847767e-01
6.514224581773873091e-01
6.475274470610473676e-01
6.452724565846943428e-01
6.408201973139771024e-01
6.368567676470970884e-01
6.334780027590717344e-01
6.289720143297727883e-01
6.261917287369700436e-01
6.209506472298231827e-01
6.203518569928236914e-01
6.163872560703301806e-01
6.139621655127555089e-01
6.111544982404069071e-01
6.087179808142123560e-01
6.057484412119330530e-01
6.042700974780398360e-01
6.026423547464910824e-01
6.000730418584049319e-01
5.975946023489108194e-01
5.966349248658775473e-01
5.958480469196650864e-01
5.935769779101468524e-01
5.914418592608989833e-01
5.900965452901117958e-01
5.876124056791719452e-01
5.842072130621247528e-01
5.832251955620755268e-01
5.816368463979065817e-01
5.787621632972079766e-01
5.764377414384354026e-01
5.727925542232902290e-01
5.692251665816717709e-01
5.667530715985190648e-01
5.637591568963205013e-01
5.604453656893835234e-01
5.577989503872345933e-01
5.544540427374720082e-01
5.531080402913723937e-01
5.505124218878958420e-01
5.495019043803663905e-01
5.454773717389292953e-01
5.440089099701380659e-01
5.443503649690560886e-01
5.415433985873134848e-01
5.401176416060290419e-01
5.390269953782101942e-01
5.374534121950654830e-01
5.366352485282743778e-01
5.345520010950091105e-01
5.343006385494394328e-01
5.323337362719301469e-01
5.299889323995935486e-01
5.308658788077231794e-01
5.297798467574724723e-01
5.279281809879218246e-01
5.264945592364911331e-01
5.258149886834445619e-01
5.257353789161069990e-01
5.251116269963588268e-01
5.238941482499714919e-01
5.218922632295512898e-01
5.223136075962238056e-01
5.220726139040589020e-01
5.213113488630045644e-01
5.203122375401317834e-01
5.187527273193193178e-01
5.169711088515324127e-01
5.173442974204429667e-01
5.160312497619091721e-01
5.155547460669285265e-01
5.144441932875182255e-01
5.131688834879895023e-01
5.143030524146171567e-01
5.130292471618799199e-01
5.122617928114021613e-01
5.111079904555975162e-01
5.098793857359039672e-01
5.078504286587069982e-01
5.075754084926598075e-01
5.061319872544990384e-01
5.045434126605262692e-01
5.025553776444577903e-01
5.006615630217292612e-01
4.983637440449930067e-01
4.973479730249424913e-01
4.945726007330803475e-01
4.930989310107926071e-01
4.915498823390941907e-01
4.881598833659292480e-01
4.873059433546974017e-01
4.834039936399838200e-01
4.809788282290030637e-01
4.800405926391496658e-01
4.778557963613122017e-01
4.772611823713596158e-01
4.764965027055761415e-01
4.751148746131521050e-01
4.733336371560722955e-01
4.731774690870852451e-01
4.704771140637710181e-01
4.685696368013542723e-01
4.695960665522526667e-01
4.676206625092153013e-01
4.675896662447462382e-01
4.659350088572505877e-01
4.664134177052484120e-01
4.640652935143221858e-01
4.648377928125607128e-01
4.627022320112641474e-01
4.627698069339442055e-01
4.630130022796976053e-01
4.623233513064516353e-01
4.607842475892124368e-01
4.611232764644421223e-01
4.600925613504852074e-01
4.606407137094355453e-01
4.597087663721540207e-01
4.587385956545577126e-01
4.580901758127942092e-01
4.583188160771736186e-01
4.580265862730887871e-01
4.572399712775980229e-01
4.567890259087029614e-01
4.571329761814985071e-01
4.564663687059050123e-01
4.545739532287133011e-01
4.552425775083587811e-01
4.543639902719491253e-01
4.550900069403921999e-01
4.554589974301587185e-01
4.539333317069523255e-01
4.537797019335034765e-01
4.537623600330305540e-01
4.537563380983371530e-01
4.532695722690439077e-01
4.530607263329097800e-01
4.532352570822374971e-01
4.516265396469986704e-01
4.532087175289658543e-01
4.522059654692340835e-01
4.521909686934262873e-01
4.519075222179981810e-01
4.519300997570891987e-01
4.501284791781042238e-01
4.518906197730396812e-01
4.508662972010571424e-01
4.504561265775459122e-01
4.507490754855473236e-01
4.514579797667450101e-01
4.515090842798300530e-01
4.513922849406133975e-01
4.504114829549203947e-01
4.503545986463298734e-01
4.502626391835194974e-01
4.502918505774909930e-01
4.487682022025590300e-01
4.494917353499883195e-01
4.487677376215239988e-01
4.498341165101457095e-01
4.485607141294720712e-01
4.484006122183001875e-01
4.488105643417731883e-01
4.483680549834627160e-01
4.490764949890921343e-01
4.490042407167452176e-01
4.489157530629818149e-01
4.480311068215536707e-01
4.477635059275137941e-01
4.491519329731770704e-01
4.474000774237332778e-01
4.490520710449172892e-01
4.483712365077776041e-01
4.478212335725419435e-01
4.481964221424907246e-01
4.479165931638685039e-01
4.482110774930434527e-01
4.477955295458234675e-01
4.462228887218501194e-01
4.476123185541002192e-01
4.465021163405410998e-01
4.477692790975500992e-01
4.468974267986073334e-01
4.476263058488001434e-01
4.471507387770035091e-01
4.476328833772444948e-01
4.470811014865652688e-01
