1.016897012687051571e+00
1.005020466777389210e+00
9.963110571494837586e-01
9.889240589412997551e-01
9.807478097336793654e-01
9.575638345229412485e-01
9.410374757069819296e-01
9.330967293383376493e-01
9.292614042777667116e-01
9.276279443807659009e-01
9.255232372412769415e-01
9.240949186670529558e-01
9.238838902854560331e-01
9.223743710471442592e-01
9.215010890524754084e-01
9.200021906764934698e-01
9.191615665404631041e-01
9.189192322938650737e-01
9.166539947716200176e-01
9.159040412287123845e-01
9.125869029016940859e-01
9.120392093409767087e-01
9.101216205066006149e-01
9.096882367448689832e-01
9.093072610458712290e-01
9.088210911635441480e-01
9.081749264226931517e-01
9.075638990599967926e-01
9.075516376748535841e-01
9.071264267904070033e-01
9.065745472908020020e-01
9.063875776321453914e-01
9.067520775811461764e-01
9.050786393526923934e-01
9.024054259014998580e-01
9.012758065386085038e-01
8.968758663590359337e-01
8.855100898783123675e-01
8.753265872003146431e-01
8.694975125763425572e-01
8.651535836660820822e-01
8.627495948638400636e-01
8.598971936337946875e-01
8.579905533281243502e-01
8.558993008651337719e-01
8.551751302729003745e-01
8.527135544702612036e-01
8.502560611831816439e-01
8.487176523244571724e-01
8.476331213379745266e-01
8.457542700921818479e-01
8.456298903665413480e-01
8.447338029756285005e-01
8.439139969649271933e-01
8.428366007461811638e-01
8.429021567733565590e-01
8.422599092355285144e-01
8.395052402415741355e-01
8.375604488060903741e-01
8.347760216642242659e-01
8.338871950478513595e-01
8.338795141195524119e-01
8.317550446228377803e-01
8.310612094615789092e-01
8.285507372329716791e-01
8.273631378685271098e-01
8.256904934885515024e-01
8.233239436314385706e-01
8.228725588924661327e-01
8.202814942180755020e-01
8.185632812351391063e-01
8.151403551314411189e-01
8.141317212690244443e-01
8.123343730736857227e-01
8.129821648359523145e-01
8.092562833223333474e-01
8.086846899094912722e-01
8.075324111751815970e-01
8.049680698116432609e-01
8.043186908018428172e-01
8.025274346581128260e-01
8.007081680390731870e-01
7.991164502504296552e-01
7.971279890028665216e-01
7.977408228001428014e-01
7.958133532646651798e-01
7.965555036738350969e-01
7.938865993219915707e-01
7.920702318331748204e-01
7.918117310017337429e-01
7.895758831759425167e-01
7.897056102977396685e-01
7.852167007198807003e-01
7.850992300770321952e-01
7.843808946727844900e-01
7.824642755046716802e-01
7.801555903348165177e-01
7.810705625950972175e-01
7.777937575027772388e-01
7.760633773729556095e-01
7.749115104125499087e-01
7.736892346087919092e-01
7.730442035359255115e-01
7.734471809890260952e-01
7.715299163005504557e-01
7.719388858275034737e-01
7.701744598635255068e-01
7.662888587064200507e-01
7.625385690814026063e-01
7.635767647315974127e-01
7.606357036242124003e-01
7.606213028386745734e-01
7.593309658524228789e-01
7.577726618789705215e-01
7.557551525989644192e-01
7.549589419754428876e-01
7.541518572775253171e-01
7.526361707187171346e-01
7.509986372852415215e-01
7.499110614995030399e-01
7.494657655538270458e-01
7.469739085692412850e-01
7.471929793739109371e-01
7.468321645199934578e-01
7.452776740266210398e-01
7.443463276700706954e-01
7.440849723229421286e-01
7.440912577947130790e-01
7.427452547985392561e-01
7.425293281061110529e-01
7.414477993454754445e-01
7.415438327555606834e-01
7.414248912000371838e-01
7.404316715425640627e-01
7.398222781673303716e-01
7.392153310262665755e-01
7.374302599364918054e-01
7.370540944334473821e-01
7.361862796902693962e-01
7.328155372189980588e-01
7.308996499071621633e-01
7.304917544716377220e-01
7.286885905071058822e-01
7.285401621705287489e-01
7.277083697369216564e-01
7.245299552095936235e-01
7.231971919911108770e-01
7.234596381332003556e-01
7.216584037824356201e-01
7.222618308787895902e-01
7.202068009055937470e-01
7.216448669459061271e-01
7.181198365501814118e-01
7.191479849414633696e-01
7.183837366392504808e-01
7.175051854572841448e-01
7.175955333089514276e-01
7.174249050604484257e-01
7.160539770890360645e-01
7.159561450905369551e-01
7.143066641279185447e-01
7.144959533959861497e-01
7.133806775453664928e-01
7.143023464989070037e-01
7.136548476102327898e-01
7.124212004087497885e-01
7.103285822728276910e-01
7.116969019090308990e-01
7.108547245504869272e-01
7.110472312709126275e-01
7.105939134445125038e-01
7.103473289541729629e-01
7.094435643333329988e-01
7.082492243539526555e-01
7.079863608108164508e-01
7.069237742958074389e-01
7.076851119419856895e-01
7.064381290017678339e-01
7.061280066529572741e-01
7.074164832645791767e-01
7.069705935944711195e-01
7.060356190134959853e-01
7.059379552955938886e-01
7.051737540703766349e-01
7.041348822641927407e-01
7.039110442676748125e-01
7.061334023713841113e-01
7.055259138074192471e-01
7.061489702132449642e-01
7.046881612838531428e-01
7.044329619842095713e-01
7.042016824891722537e-01
7.039001587891855483e-01
7.036888900789644019e-01
7.040917885928943409e-01
7.035482633031466815e-01
7.037758198018123634e-01
7.027217022023634074e-01
7.037052014808103939e-01
7.012574827281551348e-01
