9.839118824247066186e-01
9.185832203689177078e-01
8.854229122802891316e-01
8.657566385096137074e-01
8.431824025795439104e-01
8.237373086591954774e-01
8.120575068162141363e-01
8.027017680103585295e-01
7.912869925651391245e-01
7.867375607998761122e-01
7.858337508529152915e-01
7.792541621814087494e-01
7.991784405135299307e-01
7.896019537756737705e-01
7.641725360158101443e-01
7.667729219306462785e-01
7.700788752391508618e-01
7.714225479708577415e-01
7.560953607339736537e-01
7.506027243261325088e-01
7.325455760884651557e-01
7.350732490462474900e-01
7.358678482283296240e-01
7.203698597293659578e-01
7.270432529240107300e-01
7.283009413677755672e-01
7.326168882286926420e-01
7.181206644985835830e-01
7.072637175571757640e-01
7.013198574487046200e-01
7.069233044012889211e-01
6.974886629825263196e-01
6.951974168106178631e-01
6.952584264574656059e-01
6.955490972339976041e-01
6.940559897825772095e-01
6.777447469104134203e-01
6.755314415547221119e-01
6.916563279161354050e-01
6.951010412824180085e-01
7.609162152309744132e-01
7.707458442106884799e-01
7.522572377615293071e-01
7.344784069241048208e-01
7.284332237320803038e-01
6.707981042318137410e-01
6.750268927871001523e-01
6.667674712384978886e-01
6.738863433639545875e-01
6.847026500168589269e-01
6.753922184748429869e-01
6.672587141305666991e-01
6.500063681945162930e-01
6.436250414061464031e-01
6.387086379646955692e-01
6.471288148015316155e-01
6.463988429339772024e-01
6.242481285517147427e-01
6.364672797358413847e-01
6.287342793783076145e-01
6.194202887854634021e-01
6.196534115443093071e-01
6.318458925196482889e-01
6.451555578177955441e-01
6.314227024723515491e-01
6.260731702063617732e-01
6.109767678049500272e-01
6.230220469970055852e-01
6.218483614502109402e-01
6.301514582203463499e-01
6.151682356061741741e-01
6.195916173604536503e-01
6.197111422311312179e-01
6.212944344734756541e-01
6.203403097258174403e-01
6.130361331312528250e-01
6.391945394131135494e-01
6.876534776486505907e-01
7.089699237340282290e-01
7.124043374064580325e-01
6.681280833883477266e-01
6.519540999666385561e-01
6.684430005638022365e-01
6.464775263692011942e-01
6.589277199171940103e-01
6.406048912176949273e-01
6.198052005327949754e-01
6.087371664220643241e-01
6.156727894695906977e-01
6.023851576308915101e-01
6.123490100512892775e-01
6.140474262798015781e-01
6.533827865616240738e-01
6.678265595760054518e-01
6.737997283280701133e-01
6.649974313896106493e-01
6.627001791930295926e-01
6.634381746968645022e-01
6.603815572566293923e-01
6.519831953241957967e-01
